((("量は多いが安い" .
   [1 0 0 0 0 0 0])
  ("$title" .
   [1 0 0 0 0 0])
  ("params" .
   [1 0 0 0 0 0])
  ("test" .
   [1 0 0 0])
  ("$url" .
   [1 0 0 0])
  ("$this0" .
   [1 0 0 0 0 0])
  ("$this" .
   [6 0 0 0 0])
  ("PPP" .
   [1 0 0])
  ("$base_param" .
   [1 0 0 0 0 0 0 0 0 0 0])
  ("$amazon" .
   [2 0 0 0 0 0 0])
  ("print_" .
   [6 0 0 0 0 0])
  ("prin" .
   [10 0 0 0])
  ("$params" .
   [4 0 0 0 0 0 0])
  ("$$$$u" .
   [1 0 0 0 0])
  ("title" .
   [1 0 0 0 0])
  ("getData" .
   [1 0 0 0 0 0 1])
  ("functio" .
   [1 0 0 0 0 0 0])
  ("private" .
   [0 0 0 0 0 0 1])
  ("amazon" .
   [5 0 0 0 0 0])
  ("clas" .
   [1 0 0 0])
  ("php-mode" .
   [1 0 0 0 0 0 0 0])
  ("auto-mode-alist" .
   [0 0 0 0 0 0 0 0 0 1 0 0 0 0 0])
  ("add-to-list" .
   [0 0 0 0 0 0 1 0 0 0 0])
  ("global-map" .
   [0 0 1 0 0 0 0 0 0 0])
  ("howm-mode" .
   [1 0 0 0 0 0 0 0 0])
  ("howm" .
   [3 0 0 0])
  ("user-emacs-directory" .
   [0 0 0 0 0 0 0 0 1 0 0 0 0 0 0 0 0 0 0 0])
  ("concat" .
   [1 0 0 0 0 0])
  ("setq" .
   [2 0 0 0])
  ("require" .
   [0 0 0 1 0 0 3])
  ("when" .
   [3 0 1 0])
  ("elscreen" .
   [0 0 0 0 2 0 0 2])
  ("nil" .
   [3 0 0])
  ("if" .
   [1 0])
  ("window-system" .
   [0 0 0 0 0 0 0 0 0 0 1 0 0])
  ("define-key" .
   [0 0 0 0 0 0 2 0 0 1])
  ("kbd" .
   [3 0 0])
  ("iconify-or-deiconify-frame" .
   [0 0 0 0 0 0 1 0 0 0 0 0 0 0 0 0 0 0 0 0 0 0 0 0 0 0])
  ("suspend-emacs" .
   [0 0 0 0 0 0 0 0 1 0 0 0 0])
  ("$array" .
   [3 0 0 1 0 0])
  ("asda" .
   [2 0 0 0])
  ("aaa" .
   [2 0 0])
  ("asd" .
   [2 0 0])
  ("edit" .
   [1 0 0 0])
  ("editCsv" .
   [1 0 0 0 0 0 0])
  ("$csp" .
   [1 0 0 0])
  ("$filename" .
   [0 0 0 2 0 0 0 0 0])
  ("$result" .
   [3 0 0 0 0 0 4])
  ("pre" .
   [2 0 0])
  ("4BBXuXu" .
   [1 0 0 0 0 0 0])
  ("sin" .
   [0 0 1])
  ("s" .
   [1])
  ("lengths" .
   [0 0 0 0 0 0 2])
  ("brea" .
   [2 0 0 0])
  ("NNXu" .
   [1 0 0 0])
  ("aaaaaaa" .
   [1 0 0 0 0 0 0])
  ("k" .
   [1])
  ("length" .
   [1 0 0 0 0 0])
  ("coun" .
   [3 0 0 0])
  ("if　" .
   [2 0 0])
  ("$itemList" .
   [0 0 0 0 0 0 0 0 1])))
